16
21
0 0 0 0 0 0 0 0 0 0 0 0 0 0 0 0 0 0 0 0 0
0 0 0 0 0 0 0 0 0 0 0 0 0 0 0 0 0 0 0 0 0
0 0 0 0 0 0 0 0 0 0 0 0 0 0 0 0 0 0 0 0 0
0 0 0 0 0 0 0 0 0 0 0 0 0 0 0 0 0 0 0 0 0
0 0 0 0 0 0 0 0 0 0 0 0 0 0 0 0 0 0 0 0 0
0 0 0 0 0 0 0 0 0 0 0 0 0 0 0 0 0 0 0 0 0
0 0 0 0 0 0 0 0 0 0 0 0 0 0 0 0 0 0 0 0 0
0 0 0 0 0 0 0 0 0 0 0 0 0 0 0 0 0 0 0 0 0
0 0 0 0 0 0 0 0 0 0 0 0 0 0 0 0 0 0 0 0 0
22 13 0 0 0 0 0 0 0 0 0 0 0 0 0 0 0 0 0 0 0
23 13 0 0 0 0 0 0 0 0 0 0 0 0 0 0 0 0 0 0 0
23 13 0 0 0 0 0 0 0 0 0 0 0 0 0 0 0 0 0 0 0
23 13 0 0 0 0 0 0 0 0 0 0 0 0 0 0 0 0 0 0 0
23 13 0 0 0 0 0 0 0 0 0 0 52 0 0 0 0 0 0 0 0
23 13 0 0 0 0 32 0 0 14 24 25 25 26 15 0 0 0 0 0 0
23 22 22 22 22 22 22 22 22 13 0 0 0 0 0 0 0 0 0 0 0

12 - левый бок
13 - правый бок
14 - левый бок (висячая)
15 - правый бок (висячая)

22 - блок с крышкой
23 - блок без крышки
24 - левое соединение висячего блока
25 - висячий блок
26 - правое соединение висячего блока

32 - яйцо

42 - шип

52 - портал